start=1360.850000
volume=99.400009
