start=3283.096667
volume=100.880043
sid=1
